000000000000000000000000000000000000000000000000
000000000000000000000000000000000000000000000000
000000000000000000000000000000000000000000000000
000000000000000000000000000000000000000000000000
000000000000000000000000000000000000000000000000
000000000000000000000000000000000000000000000000
000000000000000000000000000000000000000000000000
000000000000000000000000000000000000000000000000
000000000000000000000000000000000000000000000000
000000000000000000000000000000000000000000000000
000000000000000000000000000000000000000000000000
000000000000000000000000000000000000000000000000
000000000000000000011111111000000000000000000000
000000000000000000122222222100000000000000000000
000000000000000001222222222210000000000000000000
000000000000000012222222222221000000000000000000
000000000000000122222222221222100000000000000000
000000000000000122222222222122100000000000000000
000000000000000122222222222122100000000000000000
000000000000000122222222222122100000000000000000
000000000000000122222222222122100000000000000000
000000000000000122222222221222100000000000000000
000000000000000012222222222221000000000000000000
000000000000000001222222222210000000000000000000
000000000000000000122222222100000000000000000000
000000000000000000122222222100000000000000000000
000000000000000000122222222100000000000000000000
000000000000000000122222222100000000000000000000
000000000000000001222222222210000000000000000000
000000000000000012222222222221000000000000000000
000000000000000122222222221222100000000000000000
000000000000001222222222222122210000000000000000
000000000000012222222222222212221000000000000000
000000000000122222222222222221222100000000000000
000000000001222222222222222222122210000000000000
000000000012222222222222222222212221000000000000
000000000122222222222222222222222222100000000000
000000001222222222222222222222222222210000000000
000000001221111111111111111111111112221000000000
000000001222222222222222222222222222221000000000
000000001222222222222222222222222222221000000000
000000001222222222222222222222222222221000000000
000000001111111111111111111111111111111000000000
000000000000000000000000000000000000000000000000
000000000000000000000000000000000000000000000000
000000000000000000000000000000000000000000000000
000000000000000000000000000000000000000000000000
000000000000000000000000000000000000000000000000
000000000000000000000000000000000000000000000000
000000000000000000000000000000000000000000000000
000000000000000000000000000000000000000000000000
000000000000000000000000000000000000000000000000
000000000000000000000000000000000000000000000000
000000000000000000000000000000000000000000000000
000000000000000000000000000000000000000000000000
000000000000000000000000000000000000000000000000
000000000000000000000000000000000000000000000000
000000000111111110011111111001111111100000000000
000000000122222210012222221001222222100000000000
000000000122222210012222221001222222100000000000
000000000122222210012222221001222222100000000000
000000000122222210012222221001222222100000000000
000000000122222210012222221001222222100000000000
000000000122222210012222221001222222100000000000
000000000122222211112222221111222222100000000000
000000000122222222222222222222222222100000000000
000000000122222222222222222222222222100000000000
000000000122222222222222222222222222100000000000
000000000111121111111111111111112111100000000000
000000000000122222222222222222222100000000000000
000000000000122111111122222222222100000000000000
000000000000122100000122222222222100000000000000
000000000000122100000122222222222100000000000000
000000000000122100000122222222222100000000000000
000000000000122111111122222222222100000000000000
000000000000122222222221111111222100000000000000
000000000000122222222221000001222100000000000000
000000000000122222222221000001222100000000000000
000000000000122222222221000001222100000000000000
000000000000122222222221111111222100000000000000
000000000000122222222222222222222100000000000000
000000000000121111111111111111112100000000000000
000000000011222222222222222222222211000000000000
000000000122222222222222222222222222100000000000
000000001222222222222222222222222222210000000000
000000001222222222222222222222222222210000000000
000000001222222222222222222222222222210000000000
000000001222222222222222222222222222210000000000
000000001222222222222222222222222222210000000000
000000001222222222222222222222222222210000000000
000000001111111111111111111111111111110000000000
000000000000000000000000000000000000000000000000
000000000000000000000000000000000000000000000000
000000000000000000000000000000000000000000000000
000000000000000000000000000000000000000000000000
000000000000000000000000000000000000000000000000
000000000000000000000000000000000000000000000000
000000000000000000000000000000000000000000000000
000000000000000000000000000000000000000000000000
000000000000000000000000000000000000000000000000
000000000000000000000000000000000000000000000000
000000000000000000000000000000000000000000000000
000000000000000000000000000000000000000000000000
000000000000000000000000000000000000000000000000
000000000000000000000000000000000000000000000000
000000000000000000000000000000010000000000000000
000000000000000000000000000000121000000000000000
000000000000000000000000000001222100000000000000
000000000000000000000000000012222100000000000000
000000000000000000000000000122222100000000000000
000000000000000000000000001222222100000000000000
000000000000000000000011111222221210000000000000
000000000000000000011122221222221221000000000000
000000000000000000122222222222222221000000000000
000000000000000001221112222222222222100000000000
000000000000000012211122222222222222100000000000
000000000000001122222222222222222212210000000000
000000000000112222222222222222222221221000000000
000000000001222222222222222222222222122100000000
000000001112222222222222222222222212212100000000
000000012222222222222222221222222221221100000000
000000012222222222222222221222222222122100000000
000000012222222222222222212222222212212100000000
000000011222211111111111122222222221221100000000
000000000111100000012221222222222222122100000000
000000000000000000012221222222222212212100000000
000000000000000000012221222222222221221100000000
000000000000000000012221222222222222122100000000
000000000000000000012221222222222222212100000000
000000000000000000012221222222222222221000000000
000000000000000000122212222222222222210000000000
000000000000000011222122222222222222210000000000
000000000000001122222222222222222222210000000000
000000000000112222222222222222222222221000000000
000000000011221111111111111111111111122110000000
000000000122222222222222222222222222222210000000
000000001222222222222222222222222222222210000000
000000001222222222222222222222222222222210000000
000000001111111111111111111111111111111110000000
000000000000000000000000000000000000000000000000
000000000000000000000000000000000000000000000000
000000000000000000000000000000000000000000000000
000000000000000000000000000000000000000000000000
000000000000000000000000000000000000000000000000
000000000000000000000000000000000000000000000000
000000000000000000000000000000000000000000000000
000000000000000000000000000000000000000000000000
000000000000000000000000000000000000000000000000
000000000000000000000000000000000000000000000000
000000000000000000000000000000000000000000000000
000000000000000000000000000000000000000000000000
000000000000000000000000000000000000000000000000
000000000000000000000000000000000000000000000000
000000000000000000000000000000000000000000000000
000000000000000000000000000000000000000000000000
000000000000000000000000000000000000000000000000
000000000000000000000011111000000000000000000000
000000000000000000000122222100000000000000000000
000000000000000000001222222210000000000000000000
000000000000000000012222222221000000000000000000
000000000000000000122222222222100000000000000000
000000000000000001222222222222210000000000000000
000000000000000012222221112222221000000000000000
000000000000000122222221012222222100000000000000
000000000000001222222221012222222210000000000000
000000000000012222222221012222222221000000000000
000000000000122222222221012222222222100000000000
000000000000122222111111011111122222100000000000
000000000000122222100000000000122222100000000000
000000000000122222111111011111122222100000000000
000000000000122222222221012222222222100000000000
000000000000122222222221012222222222100000000000
000000000000012222222221012222222221000000000000
000000000000001222222221012222222210000000000000
000000000000000122222221112222222100000000000000
000000000000000012222222222222221000000000000000
000000000000000001222222222222210000000000000000
000000000000000000122222222222100000000000000000
000000000000000000012111111121000000000000000000
000000000000000000012222222221000000000000000000
000000000000000000012111111121000000000000000000
000000000100000000122222222222100000000100000000
000000001210000001222222222222210000001210000000
000000001221111112222111111122221111112210000000
000000001222222222221000000012222222222210000000
000000000122222222210000000001222222222100000000
000000000011111111100000000000111111111000000000
000000000000000000000000000000000000000000000000
000000000000000000000000000000000000000000000000
000000000000000000000000000000000000000000000000
000000000000000000000000000000000000000000000000
000000000000000000000000000000000000000000000000
000000000000000000000000000000000000000000000000
000000000000000000000000000000000000000000000000
000000000000000000000000000000000000000000000000
000000000000000000000000000000000000000000000000
000000000000000000000000110000000000000000000000
000000000000000000000001221000000000000000000000
000000000000000000000012222100000000000000000000
000000000000000000000122112210000000000000000000
000000000000000010001221001221000100000000000000
000000000000000121001222112221001210000000000000
000000000000001222100122222210012221000000000000
000000000000012212210012222100122122100000000000
000000000000122101221001221001221012210000000000
000000000000012212210001221000122122100000000000
000000000100001222100001221000012221000010000000
000000001210000122100001221000012210000121000000
000000012221000012210001221000122100001222100000
000000122122100001221001221001221000012212210000
000000122112210001222101221012221000122112210000
000000012222100000122211221122210000012222100000
000000001221000000122221221222210000001221000000
000000000122100000012222222222100000012210000000
000000000012211000012222222222100001122100000000
000000000001222110001222222221000112221000000000
000000000000122221101222222221011222210000000000
000000000000012222211222222221122222100000000000
000000000000001222222222222222222221000000000000
000000000000000122222222112222222210000000000000
000000000000000012222221001222222100000000000000
000000000000000001222210000122221000000000000000
000000000000000000122221001222210000000000000000
000000000000000000012222112222100000000000000000
000000000000000011122222222222211100000000000000
000000000000000122222222222222222210000000000000
000000000000000122222222222222222210000000000000
000000000000000122222222222222222210000000000000
000000000001111122111111111111112211111000000000
000000000012222222222222222222222222222100000000
000000000122222222222222222222222222222210000000
000000001222222222222222222222222222222221000000
000000001222222222222222222222222222222221000000
000000001222222222222222222222222222222221000000
000000001111111111111111111111111111111111000000
000000000000000000000000000000000000000000000000
000000000000000000000000000000000000000000000000
000000000000000000000000000000000000000000000000
000000000000000000000000000000000000000000000000
000000000000000000000000000000000000000000000000
000000000000000000000000000000000000000000000000
000000000000000000000000000000000000000000000000
000000000000000000000000000000000000000000000000
000000000000000000000000000000000000000000000000
000000000000000000000001100000000000000000000000
000000000000000000000012210000000000000000000000
000000000000000000000122221000000000000000000000
000000000000000000001221122100000000000000000000
000000000000000000012210012210000000000000000000
000000000000000000012210012210000000000000000000
000000000000111111001221122100111111000000000000
000000000001222222100122221001222222100000000000
000000000012211112210122221012211112210000000000
000000000122122221221122221122122221221000000000
000000001221222222122222222221222222122100000000
000000012212222222212222222212222222212210000000
000000122122211211221222222122112112221221000000
000000121222210101222122221222101012222121000000
000000121222221012222222222222210122222121000000
000000121222210101222222222222101012222121000000
000000122122211211222222222222112112221221000000
000000012212222222222222122222222222212210000000
000000001221222222222221012222222222122100000000
000000000122122222222210001222222221221000000000
000000000012212222222100000122222212210000000000
000000000001221222222210001222222122100000000000
000000000000122122222221012222221221000000000000
000000000000012212222222122222212210000000000000
000000000000001221222222222222122100000000000000
000000000000000122122222222221221000000000000000
000000000000000012212222222212210000000000000000
000000000000000111222222222222111000000000000000
000000000000001222222222222222222100000000000000
000000000000012222222222222222222210000000000000
000000000000012222222222222222222210000000000000
000000000000012222222222222222222210000000000000
000000000001112211111111111111112211100000000000
000000000012222222222222222222222222210000000000
000000000122222222222222222222222222221000000000
000000001222222222222222222222222222222100000000
000000001222222222222222222222222222222100000000
000000001222222222222222222222222222222100000000
000000001111111111111111111111111111111100000000
000000000000000000000000000000000000000000000000
000000000000000000000000000000000000000000000000
000000000000000000000000000000000000000000000000
000000000000000000000000000000000000000000000000
000000000000000000000000000000000000000000000000
